"m.x" <- 
c(2.4, 65.6, 23.4, 34.8, 2.6, 15.8, 24., 35.2, 3.2, 15.8, 24.2, 35.2, 3.6,
	16., 24.2, 35.4, 4., 16., 24.6, 35.6, 6.2, 16.2, 25., 35.6, 6.6, 16.2,
	25., 36.2, 6.8, 16.2, 25.4, 36.2, 7.8, 16.4, 25.4, 38., 8.2, 16.4,
	25.6, 38., 8.8, 16.6, 26., 39.2, 8.8, 16.8, 26.2, 39.4, 9.6, 16.8,
	26.2, 40., 10., 16.8, 26.4, 40.4, 10.2, 17.6, 27., 41.6, 10.6, 17.6,
	27.2, 41.6, 11., 17.6, 27.2, 42.4, 11.4, 17.6, 27.2, 42.8, 13.2, 17.8,
	27.6, 42.8, 13.6, 17.8, 28.2, 43., 13.8, 18.6, 28.4, 44., 14.6, 18.6,
	28.4, 44.4, 14.6, 19.2, 28.6, 45., 14.6, 19.4, 29.4, 46.6, 14.6, 19.4,
	30.2, 47.8, 14.6, 19.6, 31., 47.8, 14.6, 20.2, 31.2, 48.8, 14.8, 20.4,
	32., 50.6, 15.4, 21.2, 32., 52., 15.4, 21.4, 32.8, 53.2, 15.4, 21.8,
	33.4, 55., 15.4, 22., 33.8, 55., 15.6, 23.2, 34.4, 55.4, 57.6)

"m.y" <- 
c(0., -21.5, -128.5, 75., -1.3, -21.5, -112.5, -16., -2.7, -50.8, -95.1, -54.9
	, 0., -42.9, -81.8, 69.6, -2.7, -26.8, -53.5, 34.8, -2.7, -21.5, -64.4
	, 32.1, -2.7, -50.8, -57.6, -37.5, -1.3, -61.7, -72.3, 22.8, -2.7,
	-5.4, -44.3, 46.9, -2.7, -80.4, -26.8, 10.7, -1.3, -59., -5.4, 5.4,
	-2.7, -71., -107.1, -1.3, -2.7, -91.1, -21.5, -21.5, -2.7, -77.7, -65.6
	, -13.3, -5.4, -37.5, -16., 30.8, -2.7, -85.6, -45.6, -10.7, -5.4,
	-123.1, -24.2, 29.4, 0., -101.9, 9.5, 0., -2.7, -99.1, 4., -10.7, -2.7
	, -104.4, 12., 14.7, 0., -112.5, -21.5, -1.3, -13.3, -50.8, 37.5, 0.,
	-5.4, -123.1, 46.9, 10.7, -5.4, -85.6, -17.4, 10.7, -9.3, -72.3, 36.2,
	-26.8, -16., -127.2, 75., -14.7, -22.8, -123.1, 8.1, -13.3, -2.7, 
	-117.9
	, 54.9, 0., -22.8, -134., 48.2, 10.7, -32.1, -101.9, 46.9, -14.7, -53.5
	, -108.4, 16., -2.7, -54.9, -123.1, 45.6, 10.7, -40.2, -123.1, 1.3,
	-2.7, 10.7)

